334.99000000000376
186.4500000000022
467.26000000000164
114.9900000000004
514.9900000000038
157.3800000000016
198.13999999999996
198.99999999999986
298.1899999999998
124.9900000000033
87.98999999999937
397.67000000000064
97.93000000000085
44.9899999999977
-34.030000000001806
214.99000000000262
474.99000000000376
296.64999999999856
124.9899999999987
494.9900000000034
199.05
98.80999999999999
97.81
396.9999999999995
334.990000000002
186.86999999999887
497.300000000001
594.9900000000033
367.87000000000063
584.9900000000023
24.989999999999377
66.1600000000003
194.98999999999842
574.9900000000022
434.99000000000314
-43.62000000000099
304.9900000000018
455.7399999999996
204.9900000000033
84.99000000000086
324.9900000000026
34.98999999999841
188.73999999999987
144.99000000000262
-75.01000000000055
-2.0400000000006884
34.989999999998524
-113.91999999999994
475.7700000000021
-55.009999999999934
194.99000000000296
124.98999999999936
524.9900000000031
124.990000000003
-31.710000000000747
-111.55999999999999
414.99000000000325
224.9900000000029
-12.610000000000952
304.9900000000034
146.30999999999983
304.9900000000023
146.08999999999986
114.99000000000285
14.989999999997686
-5.010000000001163
114.98999999999808
335.4100000000023
166.16000000000088
294.9900000000039
324.9900000000011
224.9900000000033
287.74999999999994
