4.9899999999977
166.44999999999956
157.2600000000017
224.99000000000143
184.99000000000382
467.3800000000008
-111.86
-21.000000000000004
-121.81
124.99000000000248
177.98999999999998
-132.33
77.92999999999982
-65.0099999999999
385.9699999999997
214.99000000000035
584.990000000004
-123.34999999999994
124.9899999999999
384.9900000000034
-110.95
-101.19000000000001
-102.19
-133.00000000000006
4.989999999999505
-13.130000000000408
-142.69999999999993
374.99000000000115
257.8699999999998
474.9900000000032
134.98999999999842
376.15999999999957
414.99000000000285
574.9900000000025
-5.01000000000127
486.3800000000001
304.99000000000206
255.74000000000274
314.99000000000046
524.9900000000035
104.99000000000112
34.989999999997686
78.73999999999984
-75.01000000000052
144.9900000000029
87.96000000000002
34.989999999998695
196.07999999999845
55.77000000000088
-55.009999999999934
414.99000000000365
124.9899999999983
84.99000000000058
124.98999999999927
388.2900000000001
198.4399999999997
194.99000000000262
114.99000000000223
187.38999999999984
304.99000000000336
566.31
304.9900000000026
386.09000000000225
224.99000000000183
234.99000000000194
434.9900000000028
224.99000000000194
645.4100000000022
366.16000000000224
404.9900000000039
104.99000000000044
114.99000000000086
67.7499999999996
-32.480000000000445
324.9900000000027
-114.76999999999995
195.14000000000004
385.6900000000027
88.64999999999968
-110.64
198.49999999999983
276.4799999999991
-100.94000000000001
66.65000000000084
234.99000000000206
77.66999999999972
44.989999999999675
134.9900000000011
-11.93000000000066
385.94999999999953
77.85000000000055
-13.34000000000087
224.99000000000177
277.57999999999987
-110.8
386.13999999999965
185.36999999999796
-11.050000000000196
597.0200000000019
286.3300000000012
44.98999999999857
185.400000000001
-100.99000000000001
124.990000000001
195.32000000000005
24.98999999999925
124.98999999999882
214.9900000000011
414.9900000000034
397.2300000000006
214.98999999999933
294.9900000000009
114.98999999999853
14.989999999997941
184.99000000000177
334.99000000000035
287.2400000000015
-95.00999999999948
476.7400000000005
585.9600000000021
388.0900000000001
76.10000000000194
465.5100000000034
284.9900000000033
34.98999999999838
468.2800000000008
24.989999999997913
497.68000000000114
475.10000000000036
104.99000000000188
304.99000000000274
414.990000000002
414.9900000000028
4.989999999998496
214.99000000000223
584.9900000000038
68.19999999999993
14.989999999997814
334.9900000000036
234.98999999999904
484.99000000000353
604.9900000000034
66.56000000000198
44.98999999999992
-142.09999999999997
564.9900000000033
-52.91000000000042
156.9400000000008
144.9899999999987
514.9900000000027
-124.07000000000025
645.0800000000036
484.99000000000376
214.9900000000016
324.9900000000038
304.9900000000039
194.99
544.9900000000039
517.710000000001
205.18000000000364
94.99000000000373
264.9900000000005
134.9900000000012
614.9900000000034
554.9900000000038
365.3500000000032
304.99000000000257
616.7300000000023
124.98999999999947
884.9900000000038
404.9900000000008
145.1100000000028
294.99000000000325
204.99000000000302
604.9900000000036
456.24000000000154
167.7700000000006
884.9900000000038
714.9900000000039
366.6200000000016
584.9900000000038
525.1800000000031
986.5900000000019
284.99000000000365
165.25000000000233
168.5299999999995
414.9900000000038
395.72000000000054
446.32000000000266
114.99000000000035
94.98999999999847
574.9900000000041
-32.96000000000126
65.88000000000305
176.3200000000018
184.99000000000115
344.990000000003
1034.9900000000018
504.99000000000365
